# Created by Octave 4.4.1, Fri Jun 07 01:20:20 2019 GMT <unknown@DESKTOP-ACUSG88>
# name: outage_etude
# type: matrix
# rows: 8
# columns: 1
 0
 0
 0
 1
 0
 2512
 0
 11


# name: S
# type: scalar
244


# name: Py
# type: matrix
# rows: 290
# columns: 1
 0.497
 0.47399999999999998
 0.45600000000000002
 0.437
 0.41599999999999998
 0.40100000000000002
 0.377
 0.36299999999999999
 0.34300000000000003
 0.32900000000000001
 0.313
 0.29599999999999999
 0.27800000000000002
 0.26500000000000001
 0.249
 0.23400000000000001
 0.22500000000000001
 0.216
 0.20200000000000001
 0.192
 0.187
 0.17699999999999999
 0.16800000000000001
 0.158
 0.14399999999999999
 0.13100000000000001
 0.126
 0.11899999999999999
 0.11
 0.10100000000000001
 0.092999999999999999
 0.086999999999999994
 0.080000000000000002
 0.073999999999999996
 0.068000000000000005
 0.063
 0.058000000000000003
 0.051999999999999998
 0.049000000000000002
 0.047
 0.042000000000000003
 0.037999999999999999
 0.035999999999999997
 0.034000000000000002
 0.033000000000000002
 0.031
 0.031
 0.028000000000000001
 0.025999999999999999
 0.025999999999999999
 0.025999999999999999
 0.025000000000000001
 0.023
 0.021000000000000001
 0.02
 0.019
 0.019
 0.019
 0.017999999999999999
 0.017000000000000001
 0.012999999999999999
 0.012999999999999999
 0.012
 0.010999999999999999
 0.010999999999999999
 0.0089999999999999993
 0.0080000000000000002
 0.0080000000000000002
 0.0080000000000000002
 0.0060000000000000001
 0.0060000000000000001
 0.0040000000000000001
 0.0040000000000000001
 0.0040000000000000001
 0.002
 0.002
 0.002
 0.002
 0.002
 0.002
 0.001
 0.001
 0.001
 0.001
 0.001
 0.001
 0.001
 0.001
 0.001
 0
 0
 0
 0
 0
 0
 0
 0
 0
 0
 0
 0
 0
 0
 0
 0
 0
 0
 0
 0
 0
 0
 0
 0
 0
 0
 0
 0
 0
 0
 0
 0
 0
 0
 0
 0
 0
 0
 0
 0
 0
 0
 0
 0
 0
 0
 0
 0
 0
 0
 0
 0
 0
 0
 0
 0
 0
 0
 0
 0
 0
 0
 0
 0
 0
 0
 0
 0
 0
 0
 0
 0
 0
 0
 0
 0
 0
 0
 0
 0
 0
 0
 0
 0
 0
 0
 0
 0
 0
 0
 0
 0
 0
 0
 0
 0
 0
 0
 0
 0
 0
 0
 0
 0
 0
 0
 0
 0
 0
 0
 0
 0
 0
 0
 0
 0
 0
 0
 0
 0
 0
 0
 0
 0
 0
 0
 0
 0
 0
 0
 0
 0
 0
 0
 0
 0
 0
 0
 0
 0
 0
 0
 0
 0
 0
 0
 0
 0
 0
 0
 0
 0
 0
 0
 0
 0
 0
 0
 0
 0
 0
 0
 0
 0
 0
 0
 0
 0
 0
 0
 0
 0
 0
 0
 0
 0
 0
 0
 0
 0
 0
 0
 0
 0
 0
 0
 0
 0
 0
 0
 0
 0
 0
 0
 0
 0
 0
 0
 0
 0
 0


# name: Pyt
# type: matrix
# rows: 1
# columns: 290
 1 0.99968332526770554 0.99873576593180047 0.99716188807813388 0.99496739761379083 0.99215911434875026 0.98874494295666937 0.98473384096939753 0.98013578396962409 0.97496172815534055 0.96922357045765428 0.96293410640050403 0.95610698589669585 0.948756667179529 0.94089836907295832 0.93254802180610485 0.9237222165792871 0.91443815408961382 0.90471359222362724 0.89456679312312848 0.88401646982800852 0.87308173269664524 0.86178203580035018 0.85013712348337367 0.83816697727443057 0.8258917633291013 0.81333178057559363 0.80050740972861323 0.78743906332786762 0.77414713694912918 0.76065196172658056 0.74697375831578239 0.73313259241686524 0.71914833196741101 0.70504060610450681 0.69082876598501997 0.67653184754286855 0.66216853625166139 0.6477571339507967 0.63331552778289135 0.61886116128031832 0.60441100762884781 0.5899815451266085 0.57558873484735928 0.56124800050794965 0.54697421053114081 0.53278166228665602 0.5186840684854036 0.50469454569426542 0.49082560493190375 0.4770891442992965 0.46349644359272352 0.45005816084122485 0.43678433070544564 0.42368436467010745 0.41076705295825128 0.39804056809168625 0.38551247001896227 0.37318971272953222 0.36107865227047792 0.34918505608055322 0.33751411355493821 0.32607044775327149 0.31485812816311154 0.30388068443091509 0.29314112097303258 0.28264193237984603 0.27238511952732003 0.26237220631154046 0.25260425692352129 0.24308189358346571 0.23380531465588567 0.22477431306936807 0.21598829496741029 0.20744629851952565 0.19914701282477232 0.19108879684296842 0.18326969829198692 0.17568747245289257 0.16833960082797236 0.16122330960015921 0.15433558784576235 0.14767320545589813 0.14123273072543605 0.13501054757172504 0.12900287234876165 0.1232057702258043 0.11761517110273069 0.11222688503765288 0.10703661716543547 0.10203998208880792 0.097232517726696624 0.092609698607232976 0.088166948595623962 0.083899653049639228 0.079803170397966902 0.07587284313901331 0.072104008259944175 0.06849200707782109 0.0650321945066617 0.061719947756016226 0.058550674468365975 0.055519820304156517 0.052622875984701382 0.04985538380446769 0.047212943625393383 0.044691218366923142 0.042285939006350241 0.039992909104836528 0.037808008875161898 0.03572719880782356 0.033746522872565091 0.03186211131278336 0.030070183050538591 0.028367047720067186 0.02674910734781176 0.025212857696992805 0.023754889294708641 0.022371888159431391 0.021060636246585177 0.019818011629663439 0.018640988434055095 0.017526636540413025 0.016472121074026718 0.015474701696246446 0.014531731713562611 0.01364065701946684 0.012799014883726064 0.012004432603180589 0.011254626027640411 0.010547397973906124 0.0098806365403817185 0.0092523133341809085 0.0086604816220591588 0.0081032744159320221 0.0075789025031740486 0.0070856524313238573 0.0066218844562642518 0.006186030462392988 0.0057765918627589877 0.0053921374866067046 0.0050313014612536049 0.0046927810947212795 0.0043753347650502816 0.0040777798217542073 0.0037989905044124059 0.0035378958829577231 0.0032934778237941691 0.00306476898547366 0.0028508508472735281 0.0026508517736485806 0.0024639451171800377 0.002289347362312507 0.0021263163118562839 0.0019741493179358787 0.0018321815587883979 0.0016997843625546631 0.0015763635789621735 0.0014613579995729779 0.0013542378270581721 0.0012545031937666309 0.0011616827296755043 0.0010753321796451434 0.00099503306975036302 0.00092039142232237044 0.00085103651921129245 0.00078661971266700572 0.00072681328313571559 0.00067130934317984915 0.00061981878665058002 0.00057207028217285956 0.00052780930994347688 0.00048679724079158152 0.00044881045640848984 0.00041363950961860696 0.00038108832353503792 0.00035097342842236559 0.00032312323507359267 0.00029737734349849027 0.00027358588571615809 0.00025160890144451225 0.00023131574548396531 0.00021258452560062323 0.00019530156972618145 0.00017936092130640643 0.00016466386164777397 0.00015111845813178262 0.00013863913718874504 0.00012714628094682821 0.00011656584649776706 0.00010682900674766562 9.7871811849365565e-05 8.9634870241858707e-05 8.2063048351895055e-05 7.5105188043144444e-05 6.8713840928828841e-05 6.284501869448079e-05 5.7457958608305991e-05 5.2514903427385147e-05 4.7980894938503029e-05 4.3823580402701991e-05 4.0013031202576579e-05 3.6521573020796731e-05 3.3323626907309694e-05 3.0395560621044226e-05 2.771554965968663e-05 2.5263447418158392e-05 2.3020663942790137e-05 2.0970052773776025e-05 1.9095805393346683e-05 1.7383352821134734e-05 1.5819273921457764e-05 1.4391210009680481e-05 1.3087785366437391e-05 1.1898533289295817e-05 1.0813827331437884e-05 9.8248173961203917e-06 8.9233703740538047e-06 8.1020150284465926e-06 7.3538908492788985e-06 6.6727006144406041e-06 6.0526664106893455e-06 5.4884888819875522e-06 4.9753094866727978e-06 4.5086755581271585e-06 4.0845079761630798e-06 3.6990712682493693e-06 3.3489459709889621e-06 3.0310030929540976e-06 2.7423805300951596e-06 2.480461294509161e-06 2.2428534263805935e-06 2.0273714674372958e-06 1.8320193822972531e-06 1.6549748216604473e-06 1.494574628424126e-06 1.3493014945111112e-06 1.2177716824998915e-06 1.098723732068463e-06 9.9100807681811904e-07 8.9357750225452994e-07 8.054783805861759e-07 7.2584262257248747e-07 6.5388029093321492e-07 5.8887282383154852e-07 5.3016682068324541e-07 4.7716834603524622e-07 4.2933771051714703e-07 3.8618469090718245e-07 3.4726415418804765e-07 3.1217205310573227e-07 